1 INTERFACES
INTERFACE XX Granite
26 POINTS
 3413.863037109375 1281.416503906250
 3114.070312500000 906.675476074219
 2814.277343750000 475.723236083984
 2720.592285156250 -67.651283264160
 2907.962646484375 -554.814636230469
 3451.337158203125 -892.081604003906
 4275.767578125000 -1173.137329101563
 4912.827148437500 -1379.244995117188
 5306.305175781250 -1735.248901367188
 5549.887207031250 -2203.675292968750
 5718.520507812500 -2765.786865234375
 5887.153808593750 -3327.898437500000
 6074.524414062500 -3796.324707031250
 6411.791503906250 -3440.320800781250
 6711.584472656250 -2915.683349609375
 6992.640136718750 -2465.993896484375
 7404.855468750000 -2147.464111328125
 7910.755859375000 -1941.356567382813
 8585.290039062500 -1847.671264648438
 9297.297851562500 -1735.248901367188
 9878.146484375000 -1566.615478515625
 10290.361328125000 -1266.822631835938
 10533.943359375000 -798.396301269531
 10384.046875000000 -423.655273437500
 10215.413085937500 -142.599487304688
 9915.620117187500 44.771034240723
    25 ASSOCIATEDORIENTATIONS
     3263.966674804688 1094.045989990234 243.434948838142 51.340200843529 -1 Granite
     2964.173828125000 691.199356079101 243.434948838142 55.175501325595 -1 Granite
     2767.434814453125 204.035976409912 243.434948838142 80.217613782146 -1 Granite
     2814.277465820313 -311.232959747315 63.434948814639 68.962505260374 1 Granite
     3179.649902343750 -723.448120117188 63.434948814639 31.827448815384 1 Granite
     3863.552368164063 -1032.609466552734 63.434948814639 18.824703797376 1 Granite
     4594.297363281250 -1276.191162109376 63.434948814639 17.927932621216 1 Granite
     5109.566162109375 -1557.246948242188 63.434948814639 42.137592906654 1 Granite
     5428.096191406250 -1969.462097167969 63.434948814639 62.525538747863 1 Granite
     5634.203857421875 -2484.731079101563 63.434948814639 73.300771737722 1 Granite
     5802.837158203125 -3046.842651367188 63.434948814639 73.300771737722 1 Granite
     5980.839111328125 -3562.111572265625 63.434948814639 68.198580207442 1 Granite
     6243.157958984375 -3618.322753906250 243.434948838142 46.548138075416 1 Granite
     6561.687988281250 -3178.002075195313 243.434948838142 60.255107209740 1 Granite
     6852.112304687500 -2690.838623046875 243.434948838142 57.994639153008 1 Granite
     7198.747802734375 -2306.729003906250 243.434948838142 37.694219214429 1 Granite
     7657.805664062500 -2044.410339355469 243.434948838142 22.166343623440 1 Granite
     8248.022949218750 -1894.513916015626 243.434948838142 7.907162701926 1 Granite
     8941.293945312500 -1791.460083007813 243.434948838142 8.972632666869 1 Granite
     9587.722167968750 -1650.932189941407 243.434948838142 16.189201597904 1 Granite
     10084.253906250000 -1416.719055175782 243.434948838142 36.027394566411 1 Granite
     10412.152343750000 -1032.609466552734 243.434948838142 62.525535692065 1 Granite
     10458.995117187500 -611.025787353516 63.434948814639 68.198580851024 -1 Granite
     10299.729980468750 -283.127380371094 63.434948814639 59.036195885702 -1 Granite
     10065.516601562500 -48.914226531983 63.434948814639 32.005371670063 -1 Granite
0 FOLIATIONS
